ShellSort
t_4           =             0.5 microseconds          5e-07 seconds
t_16          =             1.3 microseconds        1.3e-06 seconds
t_64          =            10.9 microseconds       1.09e-05 seconds
t_256         =           153.2 microseconds      0.0001532 seconds
t_1024        =          2233.8 microseconds      0.0022338 seconds
t_4096        =         35603.2 microseconds      0.0356032 seconds
